snp-dists 0.7.0	tet_Q_4_Z21523.R	tet_Q_1_L33696.v1	tet_Q_1_L33696.v2	tet_Q_2_X58717.R	tet_Q_1_L33696.v3	tet_Q_1_L33696.R	tet_Q_1_L33696.v4	tet_Q_2_X58717.v1	tet_Q_4_Z21523.v1
tet_Q_4_Z21523.R	0	51	51	49	50	52	52	48	3
tet_Q_1_L33696.v1	51	0	2	53	1	3	1	52	50
tet_Q_1_L33696.v2	51	2	0	51	1	1	1	50	50
tet_Q_2_X58717.R	49	53	51	0	52	52	52	1	46
tet_Q_1_L33696.v3	50	1	1	52	0	2	2	51	49
tet_Q_1_L33696.R	52	3	1	52	2	0	2	51	51
tet_Q_1_L33696.v4	52	1	1	52	2	2	0	51	51
tet_Q_2_X58717.v1	48	52	50	1	51	51	51	0	45
tet_Q_4_Z21523.v1	3	50	50	46	49	51	51	45	0
